Log-returns: 1564 weeks x 15 assets (1996-01-19 to 2025-12-30)

c (weekly intercept):
             c
BA    0.00155
CAT   0.00271
KO    0.00149
DIS   0.00122
JPM   0.00221
MMM   0.00186
MSFT  0.00341
PFE   0.00127
WMT   0.00290
XOM   0.00192
Y05  -0.00032
Y10  -0.00022
Y15  -0.00018
Y20  -0.00016
Y30  -0.00017

A (row i = equation for asset i):
          BA    CAT     KO    DIS    JPM    MMM   MSFT    PFE    WMT    XOM    Y05    Y10    Y15    Y20    Y30
BA   -0.076  0.134 -0.025 -0.007 -0.064 -0.135 -0.009  0.006 -0.033  0.065  0.481 -3.332  7.039 -4.914  0.731
CAT   0.005 -0.003 -0.059  0.042 -0.010  0.020  0.036 -0.028  0.039 -0.035  0.222 -1.422  2.769 -1.983  0.377
KO    0.028  0.040 -0.049 -0.007 -0.018 -0.060 -0.015  0.031 -0.055  0.039  0.250 -1.617  2.983 -1.927  0.311
DIS   0.025  0.033 -0.050 -0.028  0.011  0.059 -0.014 -0.017  0.025 -0.033  0.143 -1.178  2.611 -1.897  0.288
JPM   0.015  0.059 -0.020  0.046 -0.167 -0.029  0.052  0.071  0.045 -0.024  0.313 -1.833  3.780 -2.677  0.353
MMM   0.034  0.096  0.019 -0.039 -0.070 -0.098 -0.039  0.030  0.007 -0.030  0.163 -1.001  1.632 -0.876  0.107
MSFT  0.017 -0.015 -0.039 -0.011  0.033 -0.036  0.008 -0.032 -0.049 -0.032  0.169 -1.021  1.878 -1.204  0.153
PFE   0.024  0.016 -0.043 -0.016 -0.045  0.011  0.035 -0.066  0.016 -0.011  0.057 -0.470  0.726 -0.264 -0.079
WMT   0.042  0.014  0.007 -0.083  0.011 -0.020  0.038 -0.012 -0.130 -0.071 -0.061  0.120 -0.313  0.438 -0.188
XOM  -0.000  0.058 -0.067  0.034 -0.055 -0.013 -0.005  0.014  0.001 -0.087  0.331 -2.038  4.090 -2.760  0.382
Y05  -0.012  0.000  0.007  0.056 -0.001 -0.065 -0.007 -0.011  0.011  0.062  0.271 -1.002  0.778 -0.055 -0.112
Y10  -0.043 -0.017 -0.000  0.053  0.013 -0.043 -0.006 -0.007  0.021  0.042  0.212 -0.534  0.188  0.121 -0.089
Y15  -0.035 -0.019 -0.011  0.053  0.014 -0.035 -0.005 -0.009  0.014  0.038  0.141 -0.304  0.102 -0.011 -0.024
Y20  -0.023 -0.018 -0.016  0.049  0.013 -0.029 -0.005 -0.010  0.009  0.036  0.150 -0.428  0.443 -0.286  0.024
Y30  -0.017 -0.017 -0.007  0.036  0.007 -0.014 -0.003 -0.011  0.013  0.021  0.194 -0.428  0.002  0.284 -0.148

Sigma x 1e4:
          BA    CAT    KO    DIS    JPM    MMM   MSFT    PFE    WMT    XOM    Y05    Y10    Y15    Y20    Y30
BA    27.21  10.33  5.56   9.29  10.56   7.94   5.78   4.82   3.84   7.07   5.23   3.37   2.64   2.26   1.74
CAT   10.33  20.35  3.71   7.12  10.37   7.96   4.84   4.67   4.21   7.45   6.20   4.70   4.09   3.74   3.19
KO     5.56   3.71  9.05   3.97   4.82   4.05   2.97   3.65   3.29   3.63   0.71   0.31   0.24   0.24   0.24
DIS    9.29   7.12  3.97  15.52   9.06   5.16   5.84   4.53   4.12   5.08   4.62   3.11   2.53   2.27   2.08
JPM   10.56  10.37  4.82   9.06  23.42   6.88   6.74   5.22   5.02   5.70   8.15   6.18   5.10   4.47   3.74
MMM    7.94   7.96  4.05   5.16   6.88  10.80   3.74   3.80   3.24   4.63   3.15   2.21   1.86   1.71   1.62
MSFT   5.78   4.84  2.97   5.84   6.74   3.74  15.29   3.81   4.15   3.18   2.94   1.71   1.33   1.24   1.20
PFE    4.82   4.67  3.65   4.53   5.22   3.80   3.81  12.41   3.42   3.88   0.44   0.16   0.20   0.27   0.33
WMT    3.84   4.21  3.29   4.12   5.02   3.24   4.15   3.42  10.73   2.47   1.17   0.69   0.56   0.51   0.49
XOM    7.07   7.45  3.63   5.08   5.70   4.63   3.18   3.88   2.47  10.88   4.41   3.24   2.76   2.50   2.25
Y05    5.23   6.20  0.71   4.62   8.15   3.15   2.94   0.44   1.17   4.41  35.98  25.01  19.44  16.62  14.47
Y10    3.37   4.70  0.31   3.11   6.18   2.21   1.71   0.16   0.69   3.24  25.01  20.33  16.87  14.79  13.07
Y15    2.64   4.09  0.24   2.53   5.10   1.86   1.33   0.20   0.56   2.76  19.44  16.87  14.63  13.12  11.54
Y20    2.26   3.74  0.24   2.27   4.47   1.71   1.24   0.27   0.51   2.50  16.62  14.79  13.12  12.01  10.81
Y30    1.74   3.19  0.24   2.08   3.74   1.62   1.20   0.33   0.49   2.25  14.47  13.07  11.54  10.81  11.08

Sanity: max |c - sample mean| = 0.000419 | max rel. diff diag(Sigma) vs sample var = 0.039

|eigenvalues of A|: [0.2487 0.2033 0.2033 0.1846 0.1846 0.1236 0.1102 0.1102 0.0876 0.0876
 0.0582 0.0582 0.0582 0.0253 0.0253]
Spectral radius = 0.2487 -> STABLE

Cholesky of Sigma succeeded (Sigma is positive definite).
Smallest eigenvalue of Sigma: 4.4587021572159313e-07

Percentiles at week 240 (stocks in USD, rates in %):
                            5%     10%     25%      50%      75%      90%      95%
Caterpillar (CAT)       355.40  450.16  693.91  1103.25  1798.53  2706.54  3523.36
Walmart (WMT)            96.86  115.02  150.02   201.81   272.37   361.60   427.93
5-year rate (Y05) [%]     0.83    1.15    1.93     3.43     6.17    10.12    14.21
30-year rate (Y30) [%]    2.28    2.69    3.52     4.81     6.62     8.76    10.45

Percentiles at week 480 (stocks in USD, rates in %):
                            5%     10%      25%      50%      75%      90%       95%
Caterpillar (CAT)       430.64  615.68  1101.37  2196.12  4347.78  7670.95  10983.65
Walmart (WMT)           132.73  165.38   243.31   372.71   566.35   833.94   1058.15
5-year rate (Y05) [%]     0.43    0.65     1.42     3.25     7.51    15.96     25.53
30-year rate (Y30) [%]    1.60    2.00     2.97     4.65     7.26    11.00     14.09

--- Simulation checks ---
max |sim mean - c| / sd: 0.012
max |sim var / Sigma_ii - 1|: 0.046
CAT week 480: sim/naive = [1.039 1.037 1.018 1.042 1.059 1.026 1.026] | sim/long-run = [0.978 0.978 0.963 0.988 1.007 0.977 0.979]
WMT week 480: sim/naive = [0.965 0.927 0.882 0.833 0.78  0.743 0.726] | sim/long-run = [0.985 0.978 0.984 0.989 0.985 0.992 1.003]
Y05 week 480: sim/naive = [1.195 1.115 1.097 1.034 0.984 0.942 0.935] | sim/long-run = [1.011 0.97  1.001 0.995 0.999 1.003 1.024]
Y30 week 480: sim/naive = [1.138 1.095 1.045 0.998 0.954 0.928 0.912] | sim/long-run = [0.997 0.986 0.984 0.988 0.992 1.009 1.02 ]